#Kanco
1={
	position={
		3085.000 1723.000 3086.000 1730.000 3084.500 1729.000 3095.000 1724.500 3082.000 1730.000 3080.000 1736.000 0.000 0.000 
	}
	rotation={
		0.000 0.000 0.087 -0.698 0.000 0.000 0.000 
	}
	height={
		0.000 0.000 1.000 0.000 0.000 0.000 0.000 
	}
}
#Fruyi
2={
	position={
		3067.000 1692.500 3052.000 1700.000 3053.000 1700.000 3067.000 1691.000 3053.000 1700.000 3052.500 1702.000 0.000 0.000 
	}
	rotation={
		-1.134 0.000 0.000 -1.047 0.000 0.000 0.000 
	}
	height={
		0.000 0.000 1.000 0.000 0.000 0.000 0.000 
	}
}
#Ushe
3={
	position={
		3061.000 1667.000 3054.000 1675.000 3041.000 1669.000 3062.000 1672.000 3041.000 1669.000 3058.000 1676.000 0.000 0.000 
	}
	rotation={
		-1.483 0.000 0.000 -1.658 0.000 0.000 0.000 
	}
	height={
		0.000 0.000 1.000 0.000 0.000 0.000 0.000 
	}
}
#Ada
4={
	position={
		3050.000 1742.000 3051.000 1731.000 3050.000 1742.000 3047.000 1758.000 3050.000 1742.000 3052.000 1732.000 0.000 0.000 
	}
	rotation={
		0.000 0.000 0.000 0.000 0.000 0.000 0.000 
	}
	height={
		0.000 0.000 1.000 0.000 0.000 0.000 0.000 
	}
}
#Sato
5={
	position={
		3007.000 1714.000 3013.000 1728.000 3017.000 1735.000 3022.000 1740.000 3017.000 1735.000 3013.000 1730.000 0.000 0.000 
	}
	rotation={
		0.000 0.000 0.000 0.000 0.000 0.000 0.000 
	}
	height={
		0.000 0.000 1.000 0.000 0.000 0.000 0.000 
	}
}
#Sufe
6={
	position={
		3011.000 1632.500 3014.000 1635.000 3015.500 1637.500 3010.500 1630.500 3025.000 1643.000 3015.000 1635.000 0.000 0.000 
	}
	rotation={
		0.000 0.000 -0.001 0.349 0.000 0.000 0.000 
	}
	height={
		0.000 0.000 1.000 0.000 0.000 0.000 0.000 
	}
}
#Eozha
7={
	position={
		3013.000 1698.000 3019.000 1696.000 3018.500 1684.000 2992.000 1678.000 3013.000 1687.000 3022.000 1699.000 0.000 0.000 
	}
	rotation={
		0.000 0.000 0.000 1.309 0.000 0.000 0.000 
	}
	height={
		0.000 0.000 1.000 0.000 0.000 0.000 0.000 
	}
}
#Eozha
8={
	position={
		3013.000 1698.000 3019.000 1696.000 3018.500 1684.000 2992.000 1678.000 3013.000 1687.000 3022.000 1699.000 0.000 0.000 
	}
	rotation={
		0.000 0.000 0.000 1.309 0.000 0.000 0.000 
	}
	height={
		0.000 0.000 1.000 0.000 0.000 0.000 0.000 
	}
}
#Eozha
9={
	position={
		3013.000 1698.000 3019.000 1696.000 3018.500 1684.000 2992.000 1678.000 3013.000 1687.000 3022.000 1699.000 0.000 0.000 
	}
	rotation={
		0.000 0.000 0.000 1.309 0.000 0.000 0.000 
	}
	height={
		0.000 0.000 1.000 0.000 0.000 0.000 0.000 
	}
}
#Eozha
10={
	position={
		3013.000 1698.000 3019.000 1696.000 3018.500 1684.000 2992.000 1678.000 3013.000 1687.000 3022.000 1699.000 0.000 0.000 
	}
	rotation={
		0.000 0.000 0.000 1.309 0.000 0.000 0.000 
	}
	height={
		0.000 0.000 1.000 0.000 0.000 0.000 0.000 
	}
}
#Eozha
11={
	position={
		3013.000 1698.000 3019.000 1696.000 3018.500 1684.000 2992.000 1678.000 3013.000 1687.000 3022.000 1699.000 0.000 0.000 
	}
	rotation={
		0.000 0.000 0.000 1.309 0.000 0.000 0.000 
	}
	height={
		0.000 0.000 1.000 0.000 0.000 0.000 0.000 
	}
}
#Eozha
12={
	position={
		3013.000 1698.000 3019.000 1696.000 3018.500 1684.000 2992.000 1678.000 3013.000 1687.000 3022.000 1699.000 0.000 0.000 
	}
	rotation={
		0.000 0.000 0.000 1.309 0.000 0.000 0.000 
	}
	height={
		0.000 0.000 1.000 0.000 0.000 0.000 0.000 
	}
}
#Eozha
13={
	position={
		3013.000 1698.000 3019.000 1696.000 3018.500 1684.000 2992.000 1678.000 3013.000 1687.000 3022.000 1699.000 0.000 0.000 
	}
	rotation={
		0.000 0.000 0.000 1.309 0.000 0.000 0.000 
	}
	height={
		0.000 0.000 1.000 0.000 0.000 0.000 0.000 
	}
}
#Eozha
14={
	position={
		3013.000 1698.000 3019.000 1696.000 3018.500 1684.000 2992.000 1678.000 3013.000 1687.000 3022.000 1699.000 0.000 0.000 
	}
	rotation={
		0.000 0.000 0.000 1.309 0.000 0.000 0.000 
	}
	height={
		0.000 0.000 1.000 0.000 0.000 0.000 0.000 
	}
}
#Eozha
15={
	position={
		3013.000 1698.000 3019.000 1696.000 3018.500 1684.000 2992.000 1678.000 3013.000 1687.000 3022.000 1699.000 0.000 0.000 
	}
	rotation={
		0.000 0.000 0.000 1.309 0.000 0.000 0.000 
	}
	height={
		0.000 0.000 1.000 0.000 0.000 0.000 0.000 
	}
}
#Eozha
16={
	position={
		3013.000 1698.000 3019.000 1696.000 3018.500 1684.000 2992.000 1678.000 3013.000 1687.000 3022.000 1699.000 0.000 0.000 
	}
	rotation={
		0.000 0.000 0.000 1.309 0.000 0.000 0.000 
	}
	height={
		0.000 0.000 1.000 0.000 0.000 0.000 0.000 
	}
}
#Eozha
17={
	position={
		3013.000 1698.000 3019.000 1696.000 3018.500 1684.000 2992.000 1678.000 3013.000 1687.000 3022.000 1699.000 0.000 0.000 
	}
	rotation={
		0.000 0.000 0.000 1.309 0.000 0.000 0.000 
	}
	height={
		0.000 0.000 1.000 0.000 0.000 0.000 0.000 
	}
}
#Eozha
18={
	position={
		3013.000 1698.000 3019.000 1696.000 3018.500 1684.000 2992.000 1678.000 3013.000 1687.000 3022.000 1699.000 0.000 0.000 
	}
	rotation={
		0.000 0.000 0.000 1.309 0.000 0.000 0.000 
	}
	height={
		0.000 0.000 1.000 0.000 0.000 0.000 0.000 
	}
}
#Eozha
19={
	position={
		3013.000 1698.000 3019.000 1696.000 3018.500 1684.000 2992.000 1678.000 3013.000 1687.000 3022.000 1699.000 0.000 0.000 
	}
	rotation={
		0.000 0.000 0.000 1.309 0.000 0.000 0.000 
	}
	height={
		0.000 0.000 1.000 0.000 0.000 0.000 0.000 
	}
}
#Eozha
20={
	position={
		3013.000 1698.000 3019.000 1696.000 3018.500 1684.000 2992.000 1678.000 3013.000 1687.000 3022.000 1699.000 0.000 0.000 
	}
	rotation={
		0.000 0.000 0.000 1.309 0.000 0.000 0.000 
	}
	height={
		0.000 0.000 1.000 0.000 0.000 0.000 0.000 
	}
}
#Eozha
21={
	position={
		3013.000 1698.000 3019.000 1696.000 3018.500 1684.000 2992.000 1678.000 3013.000 1687.000 3022.000 1699.000 0.000 0.000 
	}
	rotation={
		0.000 0.000 0.000 1.309 0.000 0.000 0.000 
	}
	height={
		0.000 0.000 1.000 0.000 0.000 0.000 0.000 
	}
}
#Eozha
22={
	position={
		3013.000 1698.000 3019.000 1696.000 3018.500 1684.000 2992.000 1678.000 3013.000 1687.000 3022.000 1699.000 0.000 0.000 
	}
	rotation={
		0.000 0.000 0.000 1.309 0.000 0.000 0.000 
	}
	height={
		0.000 0.000 1.000 0.000 0.000 0.000 0.000 
	}
}
#Eozha
23={
	position={
		3013.000 1698.000 3019.000 1696.000 3018.500 1684.000 2992.000 1678.000 3013.000 1687.000 3022.000 1699.000 0.000 0.000 
	}
	rotation={
		0.000 0.000 0.000 1.309 0.000 0.000 0.000 
	}
	height={
		0.000 0.000 1.000 0.000 0.000 0.000 0.000 
	}
}
#Eozha
24={
	position={
		3013.000 1698.000 3019.000 1696.000 3018.500 1684.000 2992.000 1678.000 3013.000 1687.000 3022.000 1699.000 0.000 0.000 
	}
	rotation={
		0.000 0.000 0.000 1.309 0.000 0.000 0.000 
	}
	height={
		0.000 0.000 1.000 0.000 0.000 0.000 0.000 
	}
}
#Eozha
25={
	position={
		3013.000 1698.000 3019.000 1696.000 3018.500 1684.000 2992.000 1678.000 3013.000 1687.000 3022.000 1699.000 0.000 0.000 
	}
	rotation={
		0.000 0.000 0.000 1.309 0.000 0.000 0.000 
	}
	height={
		0.000 0.000 1.000 0.000 0.000 0.000 0.000 
	}
}
#Eozha
26={
	position={
		3013.000 1698.000 3019.000 1696.000 3018.500 1684.000 2992.000 1678.000 3013.000 1687.000 3022.000 1699.000 0.000 0.000 
	}
	rotation={
		0.000 0.000 0.000 1.309 0.000 0.000 0.000 
	}
	height={
		0.000 0.000 1.000 0.000 0.000 0.000 0.000 
	}
}
#Eozha
27={
	position={
		3013.000 1698.000 3019.000 1696.000 3018.500 1684.000 2992.000 1678.000 3013.000 1687.000 3022.000 1699.000 0.000 0.000 
	}
	rotation={
		0.000 0.000 0.000 1.309 0.000 0.000 0.000 
	}
	height={
		0.000 0.000 1.000 0.000 0.000 0.000 0.000 
	}
}
#Eozha
28={
	position={
		3013.000 1698.000 3019.000 1696.000 3018.500 1684.000 2992.000 1678.000 3013.000 1687.000 3022.000 1699.000 0.000 0.000 
	}
	rotation={
		0.000 0.000 0.000 1.309 0.000 0.000 0.000 
	}
	height={
		0.000 0.000 1.000 0.000 0.000 0.000 0.000 
	}
}
#Eozha
29={
	position={
		3013.000 1698.000 3019.000 1696.000 3018.500 1684.000 2992.000 1678.000 3013.000 1687.000 3022.000 1699.000 0.000 0.000 
	}
	rotation={
		0.000 0.000 0.000 1.309 0.000 0.000 0.000 
	}
	height={
		0.000 0.000 1.000 0.000 0.000 0.000 0.000 
	}
}
#Eozha
30={
	position={
		3013.000 1698.000 3019.000 1696.000 3018.500 1684.000 2992.000 1678.000 3013.000 1687.000 3022.000 1699.000 0.000 0.000 
	}
	rotation={
		0.000 0.000 0.000 1.309 0.000 0.000 0.000 
	}
	height={
		0.000 0.000 1.000 0.000 0.000 0.000 0.000 
	}
}